564 1 558
558 3 564 552 548
552 2 558 557
557 2 552 505
505 3 557 503 507
507 2 505 517
517 3 507 519 516
519 2 517 526
2020 1 2012
548 2 558 544
503 2 505 501
501 2 503 500
516 2 517 531
2005 1 2012
2012 3 2005 2020 4014
544 2 548 535
535 2 544 500
500 2 535 4013
4013 3 500 531 2013
531 3 526 516 4013
526 3 519 531 606
606 2 526 605
605 3 606 601 617
617 2 605 632
632 2 617 632
4014 3 2012 632 633
2013 3 4013 2004 2021
2004 1 2013
601 2 605 4015
633 2 4014 635
2021 1 2013
4015 3 2014 601 600
2014 3 2006 4015 2022
2006 1 2014
635 2 633 636
2023 1 2015
600 2 4015 4016
2022 1 2014
636 2 635 640
2007 1 2015
2015 3 2007 2023 4016
4016 3 2015 600 663
640 2 636 4020
2016 2 2008 4017
2008 1 2016
2017 2 2009 4018
2009 1 2017
4017 3 2016 700 715
700 2 701 4017
701 3 700 711 702
702 2 701 4018
4018 4 2017 702 703 709
703 3 4018 4019 706
4019 3 703 705 661
661 2 4019 663
663 4 661 4016 650 660
650 2 663 645
645 3 650 641 651
641 3 645 651 4020
4020 3 641 640 2018
726 2 720 718
720 3 726 717 718
717 2 720 716
715 2 407 712
711 2 701 710
709 2 4018 708
706 2 703 708
705 1 4019
660 2 663 656
656 2 651 660
651 3 656 645 641
2018 3 4020 2024 2010
2024 1 2018
719 1 718
718 5 719 726 720 727 734
2010 1 2018
716 2 717 712
712 3 715 716 710
710 3 711 712 708
708 3 706 709 710
2019 2 734 2011
734 3 2019 718 727
727 2 718 734
2011 1 2019
