232 3
2 1 3 3 3 
3 0 3 4 3 2 3 
2 1 3 5 3 
2 0 3 4 3 
4 1 3 3 3 5 3 9 20 
3 2 3 4 3 48 10 
2 5 10 132 10 
1 48 10 
1 10 3 
3 4 20 10 20 22 20 
4 8 3 9 20 11 3 13 3 
3 10 3 12 3 14 3 
3 11 3 16 3 84 3 
1 10 3 
2 11 3 15 3 
2 14 3 84 3 
1 12 3 
1 64 10 
2 15 3 12 3 
2 149 10 20 10 
3 64 10 21 3 27 3 
2 20 3 22 3 
4 9 20 21 3 23 3 32 3 
3 22 3 24 3 28 3 
3 23 3 72 10 29 3 
2 24 10 151 10 
1 72 10 
1 20 3 
3 23 3 31 3 32 3 
3 24 3 30 3 34 3 
1 29 3 
2 28 3 33 3 
3 22 3 28 3 33 3 
3 31 3 32 3 34 3 
2 29 3 33 3 
1 42 20 
2 37 3 41 3 
3 36 3 41 3 42 3 
2 42 3 50 3 
2 38 3 40 3 
3 50 3 43 3 51 3 
3 36 3 37 3 45 3 
4 35 20 37 3 38 3 47 3 
2 40 3 50 3 
1 118 10 
2 46 3 47 3 
2 45 3 47 3 
2 42 3 46 3 
1 132 10 
3 48 10 50 10 190 10 
3 132 10 43 3 51 3 
3 50 3 51 3 52 3 
2 51 3 53 3 
3 52 3 54 3 59 3 
2 53 3 55 3 
2 54 3 60 3 
3 55 3 118 10 60 3 
2 56 10 213 10 
1 132 10 
2 53 3 138 10 
2 56 3 63 3 
2 59 10 228 10 
1 138 10 
2 60 3 68 3 
1 149 10 
1 151 10 
2 224 10 73 10 
1 144 10 
2 63 3 74 3 
1 149 10 
3 64 10 148 10 75 10 
3 150 10 72 10 79 10 
1 151 10 
2 144 10 82 3 
2 68 3 86 3 
3 149 10 76 3 87 3 
2 75 3 77 3 
3 76 3 78 3 88 3 
2 77 3 79 3 
5 151 10 78 3 80 3 90 3 91 3 
3 79 3 81 3 92 3 
2 80 3 82 3 
3 81 3 73 3 83 3 
2 82 3 84 3 
2 83 3 85 3 
2 84 3 86 3 
3 74 3 85 3 180 10 
2 75 3 96 3 
1 77 3 
2 90 3 99 3 
4 79 3 89 3 91 3 97 3 
4 79 3 90 3 92 3 97 3 
3 80 3 91 3 97 3 
2 86 10 231 10 
1 180 10 
1 188 10 
1 87 3 
4 90 3 91 3 92 3 99 3 
2 185 10 101 10 
2 89 3 97 3 
2 101 3 102 3 
4 188 10 100 3 103 3 104 20 
2 100 3 103 3 
2 101 3 102 3 
1 101 20 
1 106 3 
3 105 3 107 3 114 3 
2 106 3 108 3 
2 107 3 109 3 
3 108 3 115 3 110 3 
2 109 3 111 3 
3 110 3 112 3 117 3 
2 111 3 125 3 
1 213 10 
2 106 3 120 3 
2 109 3 116 3 
2 115 3 122 3 
2 111 3 124 3 
1 213 10 
3 118 10 212 10 130 10 
2 114 3 121 3 
2 120 3 122 3 
2 121 3 123 3 
3 122 3 124 3 190 10 
3 125 3 117 3 123 3 
3 112 3 124 3 126 3 
2 125 3 127 3 
3 126 3 133 3 128 3 
2 127 3 129 3 
2 128 3 129 3 
3 213 10 129 3 134 3 
3 123 10 132 10 199 10 
1 190 10 
2 127 3 136 3 
2 130 3 139 3 
1 190 10 
3 228 10 133 3 141 3 
3 138 10 136 10 227 10 
1 228 10 
2 134 3 143 3 
1 224 10 
2 136 3 146 3 
1 228 10 
2 139 3 147 3 
1 224 10 
3 144 10 223 10 146 10 
3 224 10 141 3 160 3 
2 143 3 164 3 
2 149 10 152 10 
1 148 10 
2 151 10 156 10 
1 150 10 
3 148 10 153 3 168 3 
2 154 3 152 3 
3 153 3 169 3 155 3 
2 154 3 156 3 
4 150 10 155 3 157 3 170 3 
3 156 3 158 3 171 3 
3 157 3 172 3 159 3 
2 158 3 160 3 
4 159 3 146 3 161 3 173 3 
2 160 3 162 3 
3 161 3 163 3 175 3 
3 162 3 175 3 164 3 
3 163 3 147 3 231 10 
2 166 3 179 3 
3 165 3 167 3 179 3 
2 166 3 181 3 
2 152 3 182 3 
2 154 3 183 3 
2 156 3 184 3 
2 157 3 184 3 
1 158 3 
2 160 3 174 3 
2 175 3 173 3 
3 174 3 162 3 163 3 
3 164 10 230 10 180 10 
1 231 10 
1 179 3 
5 178 3 165 3 166 3 187 3 186 3 
1 231 10 
2 167 3 182 3 
3 168 3 181 3 183 3 
3 169 3 182 3 184 3 
3 171 3 170 3 183 3 
2 186 10 188 10 
3 185 10 179 3 187 3 
2 179 3 186 3 
1 185 10 
1 206 3 
1 199 10 
2 206 3 193 3 
2 206 3 201 3 
2 191 3 194 3 
2 193 3 200 3 
2 201 3 200 3 
2 201 3 203 3 
2 203 3 207 3 
2 207 3 204 3 
2 202 10 190 10 
3 194 3 195 3 202 3 
3 192 3 196 3 195 3 
3 200 3 207 3 199 10 
3 196 3 197 3 204 3 
3 203 3 198 3 205 3 
3 207 3 204 3 208 3 
3 191 3 192 3 189 3 
4 202 3 197 3 198 3 205 3 
2 205 3 209 3 
3 208 3 210 3 229 3 
2 209 3 211 3 
3 210 3 212 10 214 3 
2 211 10 213 10 
1 212 10 
2 211 3 215 3 
2 214 3 216 3 
3 215 3 230 10 217 3 
2 216 3 218 3 
2 217 3 219 3 
2 218 3 220 3 
2 219 3 221 3 
2 220 3 222 3 
3 221 3 225 3 223 10 
2 222 10 224 10 
1 223 10 
2 222 3 226 3 
3 225 3 229 3 227 10 
2 226 10 228 10 
1 227 10 
2 226 3 209 3 
2 216 10 231 10 
1 230 10 
30 50
30 50
30 50
30 50
30 50
0 50
0 50
0 50
30 50
0 200
0 50
30 50
30 50
30 50
30 50
30 50
30 50
0 50
30 50
0 50
30 50
30 50
0 50
30 50
0 50
0 50
0 50
30 50
30 50
30 50
30 50
30 50
30 50
30 50
30 50
0 200
30 50
30 50
30 50
30 50
30 50
0 50
0 50
30 50
0 50
30 50
30 50
30 50
0 50
0 50
30 50
30 50
30 50
30 50
30 50
30 50
0 50
0 50
0 50
30 50
30 50
0 50
0 50
30 50
0 50
0 50
0 50
0 50
30 50
0 50
0 50
0 50
0 50
30 50
30 50
0 50
30 50
0 50
30 50
0 50
30 50
30 50
30 50
30 50
30 50
30 50
0 50
30 50
30 50
30 50
30 50
30 50
30 50
0 50
0 50
0 50
30 50
30 50
0 50
30 50
30 50
0 50
30 50
30 50
0 200
30 50
30 50
30 50
30 50
30 50
30 50
30 50
30 50
0 50
30 50
30 50
30 50
30 50
0 50
0 50
30 50
30 50
30 50
0 50
30 50
30 50
30 50
30 50
30 50
30 50
0 50
0 50
0 50
30 50
30 50
0 50
0 50
0 50
0 50
30 50
0 50
30 50
0 50
30 50
0 50
0 50
0 50
30 50
0 50
0 50
0 50
0 50
0 50
30 50
30 50
30 50
0 50
30 50
0 50
30 50
30 50
30 50
30 50
30 50
0 50
30 50
30 50
30 50
30 50
30 50
30 50
30 50
30 50
30 50
30 50
30 50
0 50
0 50
30 50
30 50
0 50
30 50
30 50
30 50
30 50
0 50
30 50
30 50
0 50
30 50
0 50
30 50
30 50
30 50
30 50
30 50
30 50
30 50
30 50
0 50
30 50
30 50
0 50
30 50
30 50
30 50
30 50
30 50
30 50
30 50
30 50
0 50
0 50
0 50
30 50
30 50
0 50
30 50
30 50
30 50
30 50
30 50
0 50
0 50
0 50
30 50
0 50
0 50
0 50
30 50
0 50
0 50
9 35 104 
