864 1 848
2013 1 2021
845 2 848 843
855 2 848 802
843 2 845 836
836 2 843 800
801 2 802 800
803 2 802 811
818 2 811 835
823 2 835 825
2021 2 4021 2013
800 3 836 801 4021
802 3 855 803 801 
4021 3 800 835 2021
811 3 803 818 825
825 3 811 823 830
830 3 835 825 909
848 3 845 855 864
835 4 4021 818 823 830

909 2 830 912
912 3 909 913 902
913 2 912 4022
4022 3 913 2020 917
2020 2 4022 2012
2012 1 2020
917 2 4022 924
924 2 917 4025
4025 3 924 2024 931
931 2 4025 936
936 2 931 940
940 2 936 944
944 2 940 952
952 2 944 4024
4024 3 952 900 2023
2023 2 4024 2015
2015 1 2023
900 2 4024 4023
4023 3 900 902 2022
2022 2 4023 2014
2014 1 2022
902 2 4023 912
2024 2 4025 2018
2018 1 2024
