0 102
1 104
2 105
3 101
4 100
5 4001
6 2001
7 131
8 1001
9 4002
10 132
11 133
12 130
13 137
14 135
15 134
16 2002
17 164
18 160
19 4003
20 170
21 4004
22 2003
23 169
24 186
25 173
26 174
27 180
28 183
29 181
30 179
31 1002
32 212
33 218
34 219
35 226
36 230
37 4005
38 4006
39 229
40 206
41 201
42 200
43 2004
44 236
45 231
46 305
47 308
48 312
49 316
50 4007
51 2005
52 300
53 317
54 2006
55 321
56 2007
57 323
58 2008
59 2009
60 348
61 328
62 4008
63 403
64 4009
65 406
66 4010
67 408
68 347
69 345
70 339
71 338
72 327
73 4011
74 400
75 405
76 418
77 419
78 423
79 410
80 2010
81 402
82 413
83 2011
84 417
85 433
86 4012
87 427
88 424
89 1003
90 564
91 558
92 552
93 557
94 505
95 507
96 517
97 519
98 548
99 503
100 501
101 516
102 2012
103 544
104 535
105 500
106 4013
107 531
108 526
109 606
110 605
111 617
112 632
113 4014
114 2013
115 601
116 633
117 4015
118 2014
119 635
120 600
121 636
122 2015
123 4016
124 640
125 2016
126 2017
127 4017
128 700
129 701
130 702
131 4018
132 703
133 4019
134 661
135 663
136 650
137 645
138 641
139 4020
140 726
141 720
142 717
143 715
144 711
145 709
146 706
147 705
148 660
149 656
150 651
151 2018
152 719
153 718
154 716
155 712
156 710
157 708
158 2019
159 734
160 727
161 864
162 845
163 855
164 843
165 836
166 801
167 803
168 818
169 823
170 2021
171 800
172 802
173 4021
174 811
175 825
176 830
177 848
178 835
179 909
180 912
181 913
182 4022
183 2020
184 917
185 924
186 4025
187 931
188 936
189 940
190 944
191 952
192 4024
193 2023
194 900
195 4023
196 2022
197 902
198 2024
